%YAML:1.0
---
calibration_time: "Fri Jun  9 13:18:20 2017"
image_width: 640
image_height: 480
flags: 0
camera_matrix: !!opencv-matrix
   rows: 3
   cols: 3
   dt: d
   data: [ 5.9727068720802993e+02, 0., 3.2496668565093159e+02, 0.,
       5.9869204759667093e+02, 2.3725735917180347e+02, 0., 0., 1. ]
distortion_coefficients: !!opencv-matrix
   rows: 1
   cols: 5
   dt: d
   data: [ 7.6762365397558804e-02, -6.2901589712362121e-02,
       2.0949959381061679e-03, 1.6222783186584377e-03,
       -3.8407765897706686e-01 ]
avg_reprojection_error: 1.0402946100227675e+00
